0.135, 0.135, 0.174, 0.174, 0.198, 0.198, 0.220, 0.220, 0.219, 0.219, 0.311, 0.311, 0.296, 0.296, 0.331, 0.331, 0.338, 0.338, 0.459, 0.459,
===========================================
0.778,
0.500, 0.996,
0.448, 0.482, 0.564,
0.538, 0.911, 0.370, 0.235,
0.540, 0.879, 0.319, 0.372, 0.600,
0.408, 0.933, 0.476, 0.350, 0.900, 0.334,
0.500, 0.799, 0.389, 0.314, 0.800, 0.291, 0.561,
0.558, 0.714, 0.410, 0.327, 0.700, 0.308, 0.649, 0.464,
0.426, 0.562, 0.393, 0.372, 0.800, 0.355, 0.456, 0.430, 0.903,
0.538, 0.616, 0.399, 0.398, 0.800, 0.281, 0.579, 0.570, 0.922, 0.519,
0.5622660369131556



-------------------------------------------
0.148, 0.148, 0.187, 0.187, 0.186, 0.186, 0.231, 0.231, 0.298, 0.298, 0.364, 0.364, 0.380, 0.380, 0.465, 0.465, 0.473, 0.473, 0.517, 0.517,
===========================================
0.871,
0.662, 0.760,
0.544, 0.492, 0.713,
0.532, 0.582, 0.513, 0.724,
0.528, 0.488, 0.511, 0.641, 0.693,
0.567, 0.568, 0.469, 0.631, 0.662, 0.714,
0.591, 0.511, 0.458, 0.583, 0.603, 0.594, 0.636,
0.538, 0.553, 0.496, 0.569, 0.585, 0.567, 0.595, 0.700,
0.512, 0.504, 0.494, 0.559, 0.565, 0.529, 0.578, 0.694, 0.828,
0.467, 0.478, 0.438, 0.541, 0.587, 0.551, 0.561, 0.612, 0.818, 0.857,
0.5911256276398462
0.150, 0.150, 0.189, 0.189, 0.251, 0.251, 0.289, 0.289, 0.278, 0.278, 0.386, 0.386, 0.375, 0.375, 0.391, 0.391, 0.396, 0.396, 0.522, 0.522,
0.177, 0.177, 0.165, 0.165, 0.159, 0.159, 0.196, 0.196, 0.228, 0.228, 0.384, 0.384, 0.431, 0.431, 0.581, 0.581, 0.575, 0.575, 0.579, 0.579,
0.048, 0.048, 0.036, 0.036, 0.066, 0.066, 0.104, 0.104, 0.254, 0.254, 0.265, 0.265, 0.346, 0.346, 0.457, 0.457, 0.499, 0.499, 0.623, 0.623,
0.137, 0.137, 0.280, 0.280, 0.283, 0.283, 0.379, 0.379, 0.451, 0.451, 0.501, 0.501, 0.462, 0.462, 0.453, 0.453, 0.463, 0.463, 0.454, 0.454,
0.253, 0.253, 0.284, 0.284, 0.194, 0.194, 0.287, 0.287, 0.239, 0.239, 0.329, 0.329, 0.330, 0.330, 0.463, 0.463, 0.484, 0.484, 0.489, 0.489,
-------------------------------------------
0.153, 0.153, 0.191, 0.191, 0.191, 0.191, 0.251, 0.251, 0.290, 0.290, 0.373, 0.373, 0.389, 0.389, 0.469, 0.469, 0.483, 0.483, 0.533, 0.533,
===========================================
0.878,
0.700, 0.748,
0.599, 0.518, 0.709,
0.554, 0.603, 0.468, 0.760,
0.499, 0.498, 0.494, 0.676, 0.758,
0.539, 0.564, 0.497, 0.590, 0.662, 0.709,
0.556, 0.521, 0.490, 0.602, 0.650, 0.595, 0.681,
0.495, 0.501, 0.445, 0.600, 0.633, 0.624, 0.570, 0.688,
0.508, 0.510, 0.435, 0.570, 0.613, 0.528, 0.571, 0.700, 0.776,
0.448, 0.483, 0.442, 0.522, 0.597, 0.533, 0.561, 0.674, 0.721, 0.860,
0.5840578523782636
