0.295, 0.238, 0.451, 0.298, 0.361, 0.297, 0.508, 0.303, 0.571, 0.317, 0.572, 0.321, 0.600, 0.286, 0.625, 0.286, 0.654, 0.298, 0.640, 0.316, 0.743, 0.514, 0.737, 0.521, 0.741, 0.508, 0.769, 0.537, 0.772, 0.535, 0.769, 0.547, 0.842, 0.724, 0.839, 0.724, 0.843, 0.730, 0.864, 0.807, 
0.388, 0.268, 0.397, 0.297, 0.497, 0.300, 0.586, 0.335, 0.586, 0.336, 0.626, 0.354, 0.636, 0.336, 0.639, 0.342, 0.639, 0.357, 0.652, 0.358, 0.697, 0.452, 0.710, 0.446, 0.766, 0.621, 0.757, 0.618, 0.754, 0.613, 0.760, 0.613, 0.772, 0.619, 0.851, 0.797, 0.854, 0.815, 0.852, 0.809, 
0.366, 0.279, 0.503, 0.258, 0.512, 0.253, 0.585, 0.299, 0.638, 0.392, 0.657, 0.401, 0.681, 0.390, 0.686, 0.396, 0.762, 0.583, 0.765, 0.584, 0.836, 0.753, 0.832, 0.747, 0.837, 0.739, 0.844, 0.748, 0.849, 0.757, 0.847, 0.754, 0.850, 0.750, 0.856, 0.763, 0.854, 0.771, 0.863, 0.795, 
0.355, 0.263, 0.369, 0.273, 0.417, 0.266, 0.579, 0.319, 0.721, 0.499, 0.706, 0.486, 0.697, 0.490, 0.720, 0.456, 0.732, 0.469, 0.721, 0.484, 0.718, 0.492, 0.743, 0.506, 0.751, 0.518, 0.759, 0.525, 0.823, 0.708, 0.825, 0.714, 0.855, 0.802, 0.852, 0.805, 0.853, 0.804, 0.858, 0.800, 
0.664, 0.408, 0.654, 0.400, 0.687, 0.440, 0.639, 0.429, 0.693, 0.433, 0.704, 0.437, 0.712, 0.446, 0.718, 0.451, 0.723, 0.450, 0.738, 0.467, 0.750, 0.485, 0.753, 0.499, 0.751, 0.511, 0.753, 0.509, 0.749, 0.520, 0.828, 0.704, 0.820, 0.705, 0.811, 0.708, 0.855, 0.803, 0.855, 0.809, 
-------------------------------------------
0.413, 0.291, 0.475, 0.305, 0.495, 0.311, 0.579, 0.337, 0.642, 0.395, 0.653, 0.400, 0.665, 0.390, 0.677, 0.386, 0.702, 0.431, 0.703, 0.442, 0.749, 0.539, 0.755, 0.544, 0.769, 0.579, 0.777, 0.588, 0.789, 0.627, 0.806, 0.666, 0.828, 0.720, 0.842, 0.759, 0.852, 0.784, 0.858, 0.804, 
===========================================
0.862, 
0.859, 0.877, 
0.863, 0.868, 0.813, 
0.867, 0.854, 0.826, 0.840, 
0.869, 0.830, 0.844, 0.835, 0.901, 
0.886, 0.835, 0.825, 0.833, 0.891, 0.825, 
0.871, 0.836, 0.841, 0.822, 0.890, 0.835, 0.892, 
0.866, 0.833, 0.855, 0.827, 0.896, 0.811, 0.882, 0.879, 
0.863, 0.839, 0.854, 0.824, 0.888, 0.832, 0.855, 0.881, 0.862, 
0.858, 0.834, 0.877, 0.843, 0.890, 0.828, 0.863, 0.866, 0.863, 0.896, 
0.869, 0.832, 0.863, 0.827, 0.896, 0.829, 0.841, 0.863, 0.842, 0.883, 0.873, 
0.865, 0.831, 0.858, 0.840, 0.896, 0.827, 0.843, 0.866, 0.842, 0.875, 0.868, 0.860, 
0.860, 0.827, 0.842, 0.820, 0.901, 0.812, 0.853, 0.868, 0.844, 0.886, 0.862, 0.854, 0.783, 
0.868, 0.825, 0.873, 0.829, 0.899, 0.826, 0.845, 0.864, 0.840, 0.882, 0.861, 0.854, 0.778, 0.838, 
0.859, 0.824, 0.871, 0.836, 0.887, 0.819, 0.847, 0.853, 0.837, 0.878, 0.856, 0.843, 0.784, 0.853, 0.865, 
0.858, 0.810, 0.870, 0.829, 0.889, 0.811, 0.855, 0.843, 0.852, 0.873, 0.856, 0.851, 0.758, 0.860, 0.863, 0.834, 
0.855, 0.796, 0.877, 0.829, 0.885, 0.807, 0.833, 0.852, 0.835, 0.869, 0.855, 0.837, 0.763, 0.816, 0.860, 0.819, 0.884, 
0.852, 0.804, 0.875, 0.828, 0.882, 0.802, 0.824, 0.847, 0.822, 0.860, 0.861, 0.815, 0.755, 0.816, 0.868, 0.813, 0.879, 0.887, 
0.854, 0.801, 0.847, 0.826, 0.884, 0.806, 0.830, 0.852, 0.835, 0.865, 0.856, 0.803, 0.751, 0.848, 0.853, 0.809, 0.870, 0.842, 0.886, 
0.860, 0.806, 0.846, 0.826, 0.880, 0.817, 0.837, 0.846, 0.821, 0.824, 0.859, 0.797, 0.758, 0.825, 0.849, 0.810, 0.866, 0.856, 0.883, 0.887, 
0.8378246272856247