0.147, 0.214, 0.314, 0.393, 0.464, 0.534, 0.572, 0.632, 0.651, 0.676,
===========================================
0.924,
0.860, 0.946,
0.867, 0.905, 0.831,
0.840, 0.867, 0.772, 0.828,
0.818, 0.837, 0.749, 0.778, 0.869,
0.807, 0.811, 0.736, 0.750, 0.817, 0.885,
0.790, 0.791, 0.709, 0.723, 0.802, 0.872, 0.894,
0.766, 0.773, 0.698, 0.693, 0.782, 0.828, 0.870, 0.853,
0.752, 0.748, 0.675, 0.675, 0.757, 0.800, 0.855, 0.831, 0.957,
0.749, 0.739, 0.669, 0.668, 0.739, 0.767, 0.848, 0.814, 0.950, 0.951,
0.791422449559528


